name: drlnd-navigation
channels:
  - defaults
dependencies:
  - _libgcc_mutex=0.1=main
  - astroid=2.3.3=py36_0
  - attrs=19.3.0=py_0
  - ca-certificates=2020.1.1=0
  - certifi=2019.11.28=py36_1
  - decorator=4.4.2=py_0
  - gmp=6.1.2=h6c8ec71_1
  - importlib_metadata=1.5.0=py36_0
  - ipython=7.13.0=py36h5ca1d4c_0
  - ipython_genutils=0.2.0=py36_0
  - isort=4.3.21=py36_0
  - jedi=0.16.0=py36_0
  - jinja2=2.11.1=py_0
  - json5=0.9.3=py_0
  - jsonschema=3.2.0=py36_0
  - jupyter_client=6.0.0=py_0
  - jupyter_core=4.6.1=py36_0
  - jupyterlab=1.2.6=pyhf63ae98_0
  - jupyterlab_server=1.0.7=py_0
  - lazy-object-proxy=1.4.3=py36h7b6447c_0
  - ld_impl_linux-64=2.33.1=h53a641e_7
  - libedit=3.1.20181209=hc058e9b_0
  - libffi=3.2.1=hd88cf55_4
  - libgcc-ng=9.1.0=hdf63c60_0
  - libsodium=1.0.16=h1bed415_0
  - libstdcxx-ng=9.1.0=hdf63c60_0
  - markupsafe=1.1.1=py36h7b6447c_0
  - mccabe=0.6.1=py36_1
  - mistune=0.8.4=py36h7b6447c_0
  - nbconvert=5.6.1=py36_0
  - nbformat=5.0.4=py_0
  - ncurses=6.2=he6710b0_0
  - notebook=6.0.3=py36_0
  - openssl=1.1.1e=h7b6447c_0
  - pandoc=2.2.3.2=0
  - pandocfilters=1.4.2=py36_1
  - parso=0.6.2=py_0
  - pexpect=4.8.0=py36_0
  - pip=20.0.2=py36_1
  - prometheus_client=0.7.1=py_0
  - prompt_toolkit=3.0.3=py_0
  - pygments=2.6.1=py_0
  - pylint=2.4.4=py36_0
  - python=3.6.10=h0371630_0
  - python-dateutil=2.8.1=py_0
  - readline=7.0=h7b6447c_5
  - setuptools=46.0.0=py36_0
  - six=1.14.0=py36_0
  - sqlite=3.31.1=h7b6447c_0
  - testpath=0.4.4=py_0
  - tk=8.6.8=hbc83047_0
  - tornado=6.0.4=py36h7b6447c_1
  - traitlets=4.3.3=py36_0
  - typed-ast=1.4.1=py36h7b6447c_0
  - webencodings=0.5.1=py36_1
  - wheel=0.34.2=py36_0
  - wrapt=1.12.1=py36h7b6447c_1
  - xz=5.2.4=h14c3975_4
  - zeromq=4.3.1=he6710b0_3
  - zlib=1.2.11=h7b6447c_3
  - pip:
    - absl-py==0.9.0
    - astor==0.8.1
    - backcall==0.1.0
    - bleach==1.5.0
    - cloudpickle==1.3.0
    - cycler==0.10.0
    - defusedxml==0.6.0
    - docopt==0.6.2
    - entrypoints==0.3
    - future==0.18.2
    - gast==0.3.3
    - grpcio==1.11.0
    - gym==0.17.1
    - h5py==2.10.0
    - html5lib==0.9999999
    - ipykernel==5.2.0
    - ipython-genutils==0.2.0
    - ipywidgets==7.5.1
    - jupyter==1.0.0
    - jupyter-client==6.1.0
    - jupyter-console==6.1.0
    - jupyter-core==4.6.3
    - jupyter-http-over-ws==0.0.8
    - kiwisolver==1.1.0
    - markdown==3.2.1
    - matplotlib==3.2.1
    - mlagents==0.14.0
    - mlagents-envs==0.14.0
    - more-itertools==8.2.0
    - numpy==1.18.2
    - packaging==20.3
    - pandas==1.0.3
    - pickleshare==0.7.5
    - pillow==7.0.0
    - pluggy==0.13.1
    - prompt-toolkit==3.0.4
    - protobuf==3.11.3
    - ptyprocess==0.6.0
    - py==1.8.1
    - pyglet==1.5.0
    - pyparsing==2.4.6
    - pyrsistent==0.16.0
    - pytest==5.4.1
    - pytz==2019.3
    - pyyaml==5.3.1
    - pyzmq==19.0.0
    - qtconsole==4.7.1
    - qtpy==1.9.0
    - scipy==1.4.1
    - send2trash==1.5.0
    - tensorboard==1.7.0
    - tensorflow==1.7.1
    - termcolor==1.1.0
    - terminado==0.8.3
    - torch==0.4.0
    - unityagents==0.4.0
    - wcwidth==0.1.9
    - werkzeug==1.0.0
    - widgetsnbextension==3.5.1
    - zipp==3.1.0
prefix: /home/cristian/miniconda3/envs/drlnd

